0.0 -0.00005
0.02 -0.00001
0.05 -0.00002
0.06999999999999999 -0.00001
0.09000000000000001 -0.00003
0.11 -0.00004
0.13999999999999999 -0.00003
0.16 -0.00004
0.18000000000000002 -0.00001
0.2 -0.00001
0.23 -0.00007
0.25 -0.00006
0.27 -0.00002
0.29 -0.00002
0.32 -0.00003
0.34 -0.00004
0.36000000000000004 0.00000
0.39 -0.00006
0.41 -0.00004
0.43 -0.00004
0.45 0.00001
0.48000000000000004 -0.00001
0.5 -0.00004
0.5199999999999999 -0.00004
0.54 -0.00004
0.57 -0.00002
0.5900000000000001 -0.00000
0.61 -0.00001
0.63 -0.00006
0.66 -0.00004
0.68 -0.00006
0.7 -0.00001
0.73 -0.00002
0.75 -0.00009
0.7699999999999999 -0.00005
0.79 -0.00004
0.82 -0.00002
0.8400000000000001 -0.00004
0.86 -0.00003
0.88 -0.00006
0.91 -0.00005
0.93 -0.00001
0.95 -0.00004
0.98 -0.00004
1.0 0.00001
1.02 -0.00002
1.0399999999999998 -0.00005
1.07 -0.00005
1.09 -0.00006
1.11 0.00000
1.13 -0.00002
1.16 -0.00001
1.1800000000000002 -0.00003
1.2 -0.00004
1.22 -0.00004
1.25 0.00000
1.27 -0.00002
1.2899999999999998 -0.00003
1.32 -0.00001
1.34 -0.00004
1.36 -0.00005
1.38 -0.00002
1.41 -0.00001
1.4300000000000002 -0.00000
1.45 -0.00002
1.47 0.00000
1.5 -0.00002
1.52 -0.00002
1.5399999999999998 -0.00003
1.56 -0.00006
1.59 -0.00006
1.61 -0.00002
1.63 -0.00004
1.66 0.00000
1.6800000000000002 -0.00002
1.7 -0.00001
1.72 -0.00002
1.75 -0.00001
1.77 -0.00002
1.79 -0.00003
1.81 -0.00002
1.84 0.00000
1.86 -0.00002
1.88 -0.00004
1.9 -0.00004
1.9300000000000002 -0.00000
1.95 -0.00001
1.97 0.00001
2.0 -0.00003
2.02 -0.00000
2.04 0.00001
2.06 -0.00002
2.09 -0.00003
2.11 -0.00000
2.13 -0.00003
2.15 -0.00005
2.18 -0.00004
2.2 0.00001
2.22 -0.00005
2.2399999999999998 -0.00000
2.27 0.00000
2.29 -0.00003
2.31 0.00000
2.34 0.00003
2.3600000000000003 0.00001
2.3800000000000003 -0.00004
2.4 -0.00001
2.4299999999999997 0.00001
2.4499999999999997 -0.00001
2.4699999999999998 -0.00002
2.49 0.00000
2.52 -0.00000
2.54 0.00000
2.56 -0.00000
2.59 -0.00002
2.61 -0.00002
2.63 0.00004
2.65 0.00003
2.68 -0.00002
2.7 -0.00001
2.72 -0.00002
2.7399999999999998 -0.00002
2.77 -0.00004
2.79 -0.00002
2.81 -0.00002
2.83 0.00003
2.8600000000000003 0.00002
2.8800000000000003 0.00001
2.9 -0.00001
2.9299999999999997 -0.00001
2.9499999999999997 -0.00002
2.97 -0.00002
2.99 -0.00002
3.02 -0.00002
3.04 -0.00003
3.0599999999999996 -0.00002
3.0799999999999996 -0.00003
3.11 -0.00002
3.13 0.00002
3.15 -0.00001
3.17 -0.00003
3.2 -0.00003
3.22 0.00002
3.2399999999999998 -0.00002
3.27 -0.00002
3.29 -0.00003
3.31 0.00001
3.33 -0.00004
3.3600000000000003 -0.00005
3.3800000000000003 0.00002
3.4 -0.00001
3.42 0.00001
3.4499999999999997 -0.00000
3.47 -0.00004
3.49 -0.00000
3.5100000000000002 -0.00001
3.54 -0.00002
3.5599999999999996 -0.00003
3.58 -0.00001
3.61 -0.00002
3.63 -0.00002
3.65 -0.00002
3.67 0.00002
3.7 0.00002
3.72 -0.00003
3.7399999999999998 -0.00001
3.76 -0.00004
3.79 -0.00001
3.81 0.00002
3.83 -0.00002
3.85 0.00001
3.8800000000000003 -0.00000
3.9 -0.00004
3.92 -0.00005
3.95 -0.00001
3.9699999999999998 0.00002
3.9899999999999998 0.00001
4.01 0.00003
4.04 -0.00003
4.0600000000000005 -0.00000
4.08 0.00000
4.1000000000000005 -0.00004
4.13 -0.00001
4.15 0.00000
4.17 -0.00003
4.2 0.00002
4.22 0.00001
4.24 0.00001
4.26 -0.00001
4.29 0.00001
4.31 -0.00001
4.33 0.00001
4.35 0.00000
4.38 -0.00004
4.4 0.00001
4.42 -0.00003
4.44 -0.00002
4.47 -0.00000
4.49 -0.00001
4.51 -0.00001
4.54 0.00002
4.56 0.00000
4.58 -0.00002
4.6 0.00001
4.63 -0.00002
4.6499999999999995 -0.00001
4.67 0.00001
4.6899999999999995 -0.00002
4.720000000000001 -0.00001
4.74 0.00001
4.760000000000001 0.00003
4.78 -0.00000
4.81 0.00000
4.83 0.00003
4.8500000000000005 0.00002
4.88 0.00001
4.8999999999999995 0.00002
4.92 0.00001
4.9399999999999995 0.00000
4.97 -0.00001
4.989999999999999 0.00001
5.01 0.00000
5.029999999999999 0.00001
5.0600000000000005 0.00003
5.08 0.00003
5.1000000000000005 -0.00001
5.12 0.00002
5.15 0.00003
5.17 0.00002
5.19 0.00000
5.22 0.00000
5.24 0.00001
5.26 -0.00001
5.28 -0.00001
5.31 0.00001
5.33 -0.00002
5.35 -0.00001
5.37 0.00004
5.4 0.00003
5.42 0.00001
5.44 0.00004
5.46 0.00001
5.49 -0.00004
5.51 0.00000
5.53 -0.00001
5.56 0.00001
5.58 -0.00001
5.6 -0.00000
5.62 0.00002
5.6499999999999995 0.00000
5.67 0.00005
5.6899999999999995 -0.00002
5.71 0.00000
5.74 0.00003
5.760000000000001 -0.00000
5.78 -0.00005
5.8 0.00001
5.83 0.00000
5.8500000000000005 -0.00004
5.87 0.00005
5.8999999999999995 -0.00001
5.92 -0.00001
5.94 -0.00001
5.96 -0.00002
5.989999999999999 -0.00000
6.01 -0.00000
6.029999999999999 0.00003
6.05 -0.00004
6.08 -0.00006
6.1000000000000005 -0.00002
6.119999999999999 -0.00005
6.15 0.00000
6.17 -0.00000
6.19 -0.00002
6.21 0.00002
6.24 0.00001
6.26 0.00001
6.28 0.00002
6.3 0.00001
6.33 -0.00005
6.35 -0.00003
6.37 -0.00007
6.39 -0.00002
6.42 -0.00001
6.44 -0.00001
6.46 0.00003
6.49 0.00001
6.51 0.00000
6.53 0.00002
6.550000000000001 -0.00001
6.58 -0.00001
6.6 -0.00004
6.62 -0.00004
6.64 0.00000
6.67 -0.00002
6.6899999999999995 0.00000
6.71 0.00003
6.7299999999999995 0.00001
6.760000000000001 -0.00001
6.779999999999999 -0.00001
6.8 -0.00002
6.83 -0.00000
6.8500000000000005 -0.00003
6.87 -0.00002
6.890000000000001 0.00000
6.92 -0.00001
6.94 -0.00006
6.96 -0.00003
6.98 -0.00002
7.01 -0.00001
7.029999999999999 -0.00001
7.05 0.00003
7.07 -0.00001
7.1000000000000005 0.00003
7.119999999999999 -0.00003
7.14 0.00001
7.17 0.00001
7.19 -0.00001
7.21 -0.00001
7.23 -0.00001
7.26 0.00003
7.28 0.00001
7.3 -0.00000
7.32 0.00000
7.35 -0.00000
7.37 -0.00001
7.39 0.00003
7.41 0.00002
7.44 -0.00001
7.46 0.00001
7.4799999999999995 -0.00002
7.51 -0.00003
7.53 -0.00003
7.550000000000001 -0.00003
7.57 0.00001
7.6 -0.00003
7.62 0.00002
7.64 0.00003
7.66 0.00003
7.6899999999999995 -0.00000
7.71 -0.00001
7.7299999999999995 -0.00004
7.760000000000001 -0.00005
7.779999999999999 -0.00000
7.8 0.00003
7.82 0.00000
7.85 -0.00001
7.87 0.00001
7.89 0.00004
7.91 0.00002
7.9399999999999995 0.00002
7.96 0.00001
7.9799999999999995 -0.00001
8.0 0.00003
8.030000000000001 -0.00002
8.05 0.00000
8.07 -0.00002
8.1 -0.00001
8.120000000000001 -0.00000
8.139999999999999 0.00002
8.16 0.00000
8.19 0.00000
8.21 0.00003
8.229999999999999 -0.00001
8.25 -0.00001
8.28 0.00001
8.3 0.00003
8.319999999999999 0.00002
8.34 -0.00001
8.370000000000001 0.00000
8.39 -0.00003
8.41 0.00001
8.44 0.00002
8.46 0.00003
8.48 0.00003
8.5 -0.00000
8.53 0.00002
8.55 0.00001
8.57 -0.00006
8.59 -0.00002
8.62 -0.00004
8.64 -0.00002
8.66 0.00000
8.68 0.00001
8.71 -0.00005
8.73 -0.00005
8.75 0.00001
8.78 -0.00004
8.8 -0.00003
8.82 -0.00000
8.84 -0.00003
8.87 -0.00004
8.89 -0.00004
8.91 -0.00003
8.93 -0.00006
8.959999999999999 -0.00003
8.98 -0.00004
9.0 -0.00000
9.02 0.00001
9.05 -0.00001
9.07 -0.00004
9.090000000000002 -0.00001
9.12 -0.00007
9.14 -0.00005
9.16 -0.00003
9.180000000000001 -0.00005
9.209999999999999 -0.00005
9.23 -0.00001
9.25 -0.00002
9.27 -0.00002
9.299999999999999 -0.00001
9.32 -0.00000
9.34 -0.00001
9.37 -0.00003
9.39 -0.00003
9.41 -0.00002
9.43 -0.00002
9.459999999999999 -0.00005
9.48 -0.00006
9.5 0.00002
9.520000000000001 -0.00001
9.549999999999999 -0.00000
9.57 0.00002
9.59 -0.00001
9.610000000000001 -0.00000
9.639999999999999 0.00003
9.66 -0.00004
9.68 0.00001
9.709999999999999 -0.00003
9.73 -0.00006
9.75 -0.00001
9.77 0.00000
9.799999999999999 -0.00002
9.82 0.00000
9.84 -0.00001
9.860000000000001 0.00000
9.889999999999999 -0.00001
9.91 -0.00003
9.93 -0.00004
9.950000000000001 -0.00002
9.979999999999999 -0.00004
10.0 -0.00001
10.02 -0.00004
10.05 -0.00003
10.07 -0.00006
10.09 -0.00006
10.11 -0.00003
10.14 -0.00001
10.16 0.00000
10.18 -0.00003
10.200000000000001 -0.00003
10.229999999999999 -0.00007
10.25 -0.00008
10.27 -0.00006
10.290000000000001 -0.00010
10.319999999999999 -0.00003
10.34 -0.00004
10.36 -0.00002
10.39 -0.00004
10.41 -0.00005
10.43 -0.00005
10.45 -0.00003
10.48 -0.00005
10.5 -0.00006
10.52 -0.00009
10.540000000000001 -0.00008
10.57 -0.00006
10.59 -0.00003
10.61 -0.00003
10.63 -0.00004
10.66 -0.00007
10.68 -0.00006
10.7 0.00001
10.73 -0.00002
10.75 -0.00002
10.77 -0.00003
10.79 -0.00003
10.82 -0.00005
10.84 -0.00005
10.86 -0.00003
10.88 -0.00001
10.91 -0.00000
10.93 -0.00001
10.95 -0.00003
10.98 -0.00002
11.0 -0.00005
11.02 -0.00002
11.04 -0.00005
11.07 -0.00009
11.09 -0.00006
11.11 -0.00004
11.129999999999999 -0.00004
11.16 -0.00004
11.180000000000001 -0.00003
11.2 -0.00004
11.22 -0.00006
11.25 -0.00004
11.270000000000001 -0.00007
11.29 -0.00004
11.32 -0.00004
11.34 -0.00005
11.36 -0.00004
11.379999999999999 -0.00004
11.41 -0.00008
11.43 -0.00010
11.45 -0.00011
11.469999999999999 -0.00010
11.5 -0.00008
11.520000000000001 -0.00006
11.54 -0.00008
11.56 -0.00007
11.59 -0.00014
11.610000000000001 -0.00012
11.629999999999999 -0.00008
11.66 -0.00013
11.68 -0.00010
11.700000000000001 -0.00012
11.719999999999999 -0.00010
11.75 -0.00014
11.77 -0.00011
11.790000000000001 -0.00009
11.809999999999999 -0.00010
11.84 -0.00010
11.860000000000001 -0.00007
11.88 -0.00004
11.9 -0.00004
11.93 -0.00005
11.950000000000001 -0.00012
11.969999999999999 -0.00011
12.0 -0.00013
12.02 -0.00011
12.040000000000001 -0.00007
12.059999999999999 -0.00004
12.09 -0.00004
12.11 -0.00001
12.13 0.00000
12.149999999999999 -0.00006
12.18 -0.00008
12.200000000000001 -0.00004
12.22 -0.00008
12.239999999999998 -0.00009
12.27 -0.00006
12.290000000000001 -0.00006
12.31 -0.00002
12.34 -0.00001
12.36 -0.00002
12.38 -0.00006
12.4 -0.00000
12.43 -0.00002
12.45 -0.00003
12.47 -0.00002
12.49 -0.00004
12.52 -0.00010
12.540000000000001 -0.00006
12.56 -0.00011
12.59 -0.00010
12.61 -0.00009
12.63 -0.00005
12.65 -0.00007
12.68 -0.00000
12.7 -0.00005
12.72 -0.00009
12.74 -0.00014
12.77 -0.00014
12.79 -0.00018
12.81 -0.00014
12.83 -0.00013
12.86 -0.00007
12.88 -0.00008
12.9 -0.00007
12.93 -0.00011
12.95 -0.00014
12.97 -0.00015
12.99 -0.00011
13.02 -0.00015
13.04 -0.00009
13.06 -0.00011
13.08 -0.00010
13.11 -0.00015
13.129999999999999 -0.00013
13.15 -0.00014
13.17 -0.00010
13.2 -0.00016
13.22 -0.00010
13.24 -0.00010
13.270000000000001 -0.00004
13.29 -0.00013
13.31 -0.00008
13.33 -0.00016
13.360000000000001 -0.00010
13.379999999999999 -0.00011
13.4 -0.00007
13.42 -0.00004
13.45 0.00000
13.469999999999999 -0.00002
13.49 0.00002
13.51 -0.00008
13.54 -0.00001
13.559999999999999 -0.00004
13.58 0.00002
13.610000000000001 0.00000
13.629999999999999 0.00005
13.65 0.00003
13.67 0.00005
13.700000000000001 0.00001
13.719999999999999 -0.00003
13.74 -0.00006
13.76 -0.00004
13.790000000000001 -0.00003
13.809999999999999 0.00000
13.83 0.00005
13.85 0.00002
13.88 0.00002
13.899999999999999 -0.00006
13.92 -0.00008
13.950000000000001 -0.00015
13.97 -0.00008
13.99 -0.00014
14.01 -0.00007
14.040000000000001 -0.00007
14.059999999999999 -0.00001
14.08 -0.00013
14.1 -0.00006
14.13 -0.00012
14.149999999999999 -0.00008
14.17 -0.00017
14.200000000000001 -0.00010
14.22 -0.00018
14.239999999999998 -0.00005
14.26 -0.00020
14.290000000000001 -0.00011
14.31 -0.00031
14.33 -0.00016
14.35 -0.00030
14.38 -0.00011
14.4 -0.00023
14.42 -0.00008
14.44 -0.00030
14.47 -0.00019
14.49 -0.00039
14.51 -0.00025
14.540000000000001 -0.00041
14.56 -0.00018
14.58 -0.00029
14.6 -0.00001
14.63 -0.00019
14.65 0.00011
14.67 -0.00032
14.69 0.00017
14.72 -0.00071
14.74 0.00075
14.76 -0.00142
14.78 0.00178
14.81 -0.00256
14.83 0.00355
14.85 -0.00465
14.88 0.00636
14.9 -0.00810
14.92 0.01063
14.94 -0.01338
14.97 0.01688
14.99 -0.02091
15.010000000000002 0.02600
15.03 -0.03176
15.06 0.03901
15.08 -0.04763
15.100000000000001 0.05841
15.12 -0.07213
15.15 0.09008
15.17 -0.11598
15.19 0.15368
15.219999999999999 -0.20893
15.24 0.82272
15.26 -0.84366
15.28 -0.98957
15.31 1.00000
15.33 0.03581
15.350000000000001 0.53148
15.37 0.02001
15.4 0.05794
15.42 -0.24877
15.440000000000001 -0.20306
15.459999999999999 -0.44745
15.49 -0.28925
15.51 -0.33795
15.530000000000001 -0.27564
15.559999999999999 -0.28562
15.58 -0.24839
15.6 -0.19532
15.620000000000001 -0.15764
15.65 -0.11708
15.67 -0.05244
15.69 0.01268
15.709999999999999 0.05664
15.74 0.11857
15.76 0.11179
15.78 0.11712
15.8 0.17770
15.83 0.13199
15.85 0.08729
15.87 0.08524
15.9 0.12186
15.92 0.06951
15.94 0.09607
15.959999999999999 0.02794
15.99 0.01731
16.01 0.05273
16.029999999999998 0.04630
16.049999999999997 0.04246
16.080000000000002 0.02606
16.1 0.03175
16.119999999999997 0.04432
16.150000000000002 0.07223
16.17 0.04840
16.19 0.04784
16.209999999999997 0.03291
16.240000000000002 0.04686
16.26 0.05222
16.279999999999998 0.05089
16.299999999999997 0.03710
16.330000000000002 0.04751
16.35 0.05388
16.369999999999997 0.05109
16.389999999999997 0.05657
16.42 0.07002
16.44 0.07902
16.459999999999997 0.08200
16.490000000000002 0.06863
16.51 0.05702
16.53 0.05921
16.549999999999997 0.06100
16.580000000000002 0.04862
16.6 0.04631
16.62 0.05049
16.639999999999997 0.04420
16.67 0.05100
16.69 0.03181
16.71 0.02570
16.729999999999997 0.03300
16.76 0.04360
16.78 0.04758
16.8 0.03981
16.830000000000002 0.03216
16.85 0.01698
16.87 0.02483
16.889999999999997 0.03785
16.92 0.02905
16.94 0.02174
16.96 0.01345
16.979999999999997 0.02039
17.01 0.02241
17.03 0.01167
17.05 0.00700
17.069999999999997 0.00819
17.1 0.00658
17.12 -0.00012
17.14 0.00984
17.17 0.00067
17.19 0.00612
17.21 -0.00263
17.23 0.00706
17.26 -0.00044
17.28 0.02058
17.3 -0.01606
17.32 0.03105
17.35 0.00188
17.37 0.03487
17.39 -0.00812
17.41 0.03763
17.44 -0.01348
17.46 0.03789
17.48 -0.03064
17.51 0.04449
17.53 -0.04603
17.55 0.06635
17.57 -0.08977
17.6 0.24851
17.62 -0.01715
17.64 -0.67002
17.66 0.30135
17.69 0.10712
17.71 0.35676
17.73 -0.07166
17.76 -0.22745
17.78 -0.29349
17.8 -0.14463
17.82 -0.13307
17.85 -0.05395
17.87 -0.00755
17.89 0.16390
17.91 0.07344
17.94 0.12642
17.96 0.16079
17.98 0.20295
18.0 0.07366
18.03 0.16593
18.05 -0.04295
18.07 -0.00594
18.1 0.00404
18.12 -0.07679
18.14 0.04161
18.16 -0.01718
18.19 -0.07507
18.21 0.06617
18.23 0.03134
18.25 -0.07359
18.28 -0.01272
18.3 -0.07583
18.32 -0.07579
18.34 -0.20644
18.37 -0.04068
18.39 -0.12734
18.41 -0.09759
18.44 -0.21246
18.46 -0.10474
18.48 -0.07992
18.5 -0.18876
18.53 -0.15553
18.55 -0.06183
18.57 -0.00477
18.59 0.15818
18.62 -0.21089
18.64 -0.16024
18.66 0.15751
18.68 0.30051
18.71 0.03945
18.73 -0.05379
18.75 -0.29880
18.78 -0.20403
18.8 -0.13224
18.82 -0.16301
18.84 0.04932
18.87 -0.03186
18.89 0.08085
18.91 0.14622
18.93 0.17344
18.96 0.06172
18.98 0.08733
19.0 0.11976
19.02 0.06740
19.05 0.07938
19.07 0.01440
19.09 -0.00636
19.12 0.02802
19.14 0.00515
19.16 -0.04753
19.18 0.13365
19.21 -0.00951
19.23 -0.20170
19.25 0.20106
19.27 0.05226
19.3 0.12304
19.32 -0.04827
19.34 0.02571
19.369999999999997 -0.12589
19.39 0.12033
19.41 -0.05929
19.43 0.07101
19.46 0.00773
19.48 0.11884
19.5 0.16496
19.52 0.07136
19.55 0.04803
19.57 0.09774
19.59 0.11866
19.61 0.02662
19.64 0.08656
19.66 0.06290
19.68 0.05081
19.709999999999997 0.04370
19.73 0.08735
19.75 0.07770
19.77 0.04106
19.8 0.05545
19.82 0.04646
19.84 0.08441
19.86 -0.02587
19.89 -0.02086
19.91 0.05519
19.93 0.04787
19.95 -0.01058
19.98 -0.05645
20.0 -0.08897
20.02 -0.09705
20.049999999999997 -0.05069
20.07 -0.00545
20.09 0.02574
20.11 0.00930
20.14 -0.03633
20.16 -0.03752
20.18 -0.05297
20.2 -0.03294
20.23 -0.05923
20.25 -0.08166
20.27 -0.10570
20.29 -0.07477
20.32 -0.03674
20.34 -0.03715
20.36 -0.02381
20.389999999999997 -0.01629
20.41 0.00004
20.43 -0.00824
20.45 -0.01462
20.48 -0.03044
20.5 -0.03521
20.52 -0.01767
20.54 -0.06725
20.57 -0.09602
20.59 -0.06419
20.61 -0.02299
20.63 -0.04040
20.66 -0.05033
20.68 -0.08190
20.7 -0.08272
20.729999999999997 -0.04431
20.75 -0.01000
20.77 -0.01959
20.79 0.00279
20.82 0.02532
20.84 -0.00198
20.86 -0.02348
20.88 -0.06293
20.91 -0.05144
20.93 -0.01221
20.95 0.01552
20.979999999999997 0.04440
21.0 0.01532
21.02 -0.00382
21.04 -0.00576
21.069999999999997 -0.00890
21.09 -0.02165
21.11 -0.03909
21.13 -0.03846
21.16 -0.02909
21.18 -0.01346
21.2 -0.01089
21.22 -0.01818
21.25 0.00311
21.27 0.00922
21.29 0.00613
21.32 0.00196
21.34 -0.00324
21.36 -0.02129
21.38 -0.07341
21.41 0.00844
21.43 0.00191
21.45 0.00884
21.47 -0.02796
21.5 -0.02994
21.52 -0.02232
21.54 -0.03755
21.56 -0.00446
21.59 0.00162
21.61 0.01371
21.63 0.00486
21.66 -0.01091
21.68 -0.03706
21.7 -0.03610
21.72 -0.05392
21.75 -0.03553
21.77 -0.03650
21.79 -0.03093
21.81 -0.03247
21.84 -0.00583
21.86 0.00073
21.88 -0.00906
21.9 -0.02956
21.930000000000003 -0.03783
21.95 -0.02171
21.97 -0.01724
22.0 -0.02325
22.020000000000003 -0.02395
22.04 -0.03065
22.06 -0.03231
22.09 -0.01398
22.11 0.00863
22.13 0.02559
22.15 0.03614
22.18 0.04657
22.2 0.01953
22.22 -0.00580
22.24 0.01943
22.270000000000003 0.02229
22.29 0.01409
22.31 0.01953
22.34 0.00702
22.360000000000003 -0.00093
22.38 0.01643
22.4 0.01630
22.43 -0.00536
22.450000000000003 -0.02421
22.47 -0.04578
22.49 -0.03939
22.52 -0.00150
22.540000000000003 0.02016
22.56 -0.00684
22.59 -0.02279
22.610000000000003 -0.02814
22.630000000000003 -0.02168
22.65 -0.02693
22.68 -0.00496
22.700000000000003 -0.00181
22.72 0.01140
22.74 -0.00610
22.77 -0.01724
22.790000000000003 -0.00697
22.81 -0.00757
22.83 0.01478
22.86 -0.00326
22.880000000000003 -0.01216
22.9 -0.01955
22.93 -0.00845
22.950000000000003 -0.00644
22.970000000000002 -0.00364
22.99 -0.03849
23.02 -0.03315
23.040000000000003 -0.03386
23.060000000000002 -0.02841
23.08 -0.01824
23.11 -0.02200
23.130000000000003 -0.01441
23.150000000000002 -0.01459
23.169999999999998 -0.00461
23.2 -0.01324
23.220000000000002 -0.01196
23.240000000000002 0.00194
23.27 0.00153
23.290000000000003 -0.00724
23.310000000000002 -0.01234
23.33 -0.01858
23.36 -0.01613
23.380000000000003 -0.01365
23.400000000000002 -0.00120
23.419999999999998 -0.00925
23.45 -0.01150
23.470000000000002 -0.03560
23.490000000000002 0.06488
23.509999999999998 0.02699
23.54 -0.05026
23.560000000000002 -0.01346
23.580000000000002 -0.01197
23.61 0.03410
23.630000000000003 0.02877
23.650000000000002 0.01947
23.67 0.01140
23.7 0.01420
23.720000000000002 0.00032
23.740000000000002 -0.00762
23.76 -0.01782
23.79 -0.01235
23.810000000000002 -0.01296
23.830000000000002 -0.00159
23.85 -0.01087
23.88 -0.01139
23.900000000000002 -0.01404
23.92 0.02156
23.95 -0.01610
23.970000000000002 -0.00038
23.990000000000002 0.05807
24.01 -0.01654
24.04 0.01923
24.060000000000002 -0.01665
24.080000000000002 -0.00931
24.1 -0.02458
24.13 -0.00576
24.150000000000002 -0.00578
24.17 0.00461
24.2 0.00238
24.22 -0.00991
24.240000000000002 -0.01015
24.26 0.00217
24.29 0.01326
24.31 0.02386
24.330000000000002 0.03171
24.35 0.02004
24.38 0.03539
24.400000000000002 0.02666
24.42 0.01299
24.44 0.01493
24.47 0.00516
24.490000000000002 0.00436
24.51 0.00981
24.54 0.01476
24.56 -0.00163
24.580000000000002 0.00881
24.6 0.01500
24.63 0.02632
24.65 0.02227
24.67 0.00943
24.69 0.00413
24.72 -0.00532
24.740000000000002 0.00036
24.76 -0.00800
24.78 -0.00188
24.81 0.00405
24.830000000000002 0.00527
24.85 0.00923
24.88 0.01385
24.9 0.00879
24.92 0.01813
24.94 0.01446
24.97 0.02089
24.99 0.01955
25.01 0.01694
25.03 0.01308
25.06 0.00737
25.080000000000002 0.01464
25.1 0.01147
25.12 0.01527
25.15 0.01345
25.17 0.01374
25.19 0.00950
25.22 0.00350
25.24 -0.00265
25.26 0.01628
25.28 0.01659
25.31 0.00330
25.33 0.00331
25.35 -0.00259
25.37 0.00901
25.4 0.00402
25.42 0.01024
25.44 0.01192
25.46 0.01698
25.49 0.01869
25.51 0.02391
25.53 0.00551
25.56 0.00424
25.58 0.01203
25.6 0.01126
25.62 0.02000
25.65 0.02639
25.669999999999998 0.02191
25.69 0.01794
25.71 0.01599
25.74 0.00670
25.76 0.00984
25.78 0.00845
25.8 0.01979
25.83 0.01176
25.85 0.01403
25.87 0.01382
25.9 0.01586
25.919999999999998 0.02571
25.94 0.01291
25.96 0.01032
25.99 -0.00432
26.009999999999998 0.00208
26.03 0.01100
26.05 0.00766
26.08 -0.00577
26.1 0.00337
26.12 0.00733
26.15 0.01470
26.169999999999998 0.01876
26.19 -0.01078
26.21 0.00546
26.24 -0.00489
26.259999999999998 0.00802
26.28 -0.00943
26.3 0.01249
26.33 0.00480
26.349999999999998 0.01659
26.37 0.00613
26.39 0.00818
26.419999999999998 -0.00835
26.44 0.00651
26.46 0.00461
26.49 0.01726
26.509999999999998 -0.00860
26.53 -0.00361
26.55 0.03690
26.58 -0.02859
26.599999999999998 0.01546
26.62 -0.01308
26.64 0.00538
26.669999999999998 -0.00509
26.689999999999998 0.00807
26.71 0.00545
26.73 0.01894
26.759999999999998 0.00606
26.78 0.01116
26.8 -0.00071
26.83 -0.00287
26.849999999999998 -0.00913
26.87 -0.00415
26.89 -0.00444
26.919999999999998 -0.00336
26.939999999999998 -0.00785
26.96 0.00082
26.98 -0.01041
27.009999999999998 0.00193
27.029999999999998 0.01843
27.05 0.03018
27.07 0.02734
27.099999999999998 0.01607
27.119999999999997 0.00932
27.14 0.01004
27.169999999999998 0.01563
27.189999999999998 0.01712
27.21 0.02765
27.23 0.01465
27.259999999999998 0.02557
27.279999999999998 0.02277
27.3 0.00294
27.32 0.02594
27.349999999999998 0.01295
27.369999999999997 0.01130
27.39 0.00815
27.41 0.00097
27.439999999999998 0.00014
27.459999999999997 0.00564
27.48 0.00178
27.509999999999998 0.00429
27.529999999999998 0.00885
27.55 0.00873
27.57 0.00649
27.599999999999998 0.00454
27.619999999999997 0.00301
27.64 0.00688
27.66 0.01213
27.689999999999998 0.01641
27.709999999999997 0.01543
27.73 0.01700
27.76 0.01131
27.779999999999998 0.00857
27.799999999999997 0.00298
27.82 0.00110
27.85 0.00456
27.869999999999997 0.00768
27.89 0.00852
27.91 0.01020
27.94 0.01263
27.959999999999997 0.00753
27.98 0.00814
28.0 0.01339
28.03 0.01148
28.049999999999997 0.01282
28.07 -0.00088
28.1 0.00035
28.119999999999997 -0.00185
28.139999999999997 -0.00128
28.16 0.00090
28.19 -0.00563
28.209999999999997 -0.00867
28.23 -0.00125
28.25 -0.00730
28.28 -0.00976
28.299999999999997 0.00911
28.32 0.00339
28.34 0.01187
28.37 0.01631
28.389999999999997 0.00482
28.41 0.00993
28.44 0.00782
28.46 0.01413
28.479999999999997 0.01172
28.5 0.01329
28.53 0.00698
28.55 0.01015
28.57 0.00580
28.59 0.00666
28.62 0.01104
28.64 0.00866
28.66 0.00178
28.68 0.01170
28.71 0.00688
28.729999999999997 0.00888
28.75 -0.00513
28.78 0.00426
28.8 0.00599
28.819999999999997 0.00899
28.84 0.00502
28.87 0.00599
28.89 0.01041
28.91 0.00736
28.93 0.01398
28.96 0.01501
28.98 0.00930
29.0 0.01096
29.02 0.00877
29.05 0.00778
29.07 0.00658
29.09 0.00632
29.12 0.00725
29.14 0.01176
29.16 0.00583
29.18 0.00765
29.21 0.01257
29.23 0.00801
29.25 0.00693
29.27 0.00574
29.3 0.00925
29.32 0.01230
29.34 0.01021
29.37 0.00654
29.39 -0.00004
29.41 0.00477
29.43 0.00752
29.46 0.01018
29.48 0.00611
29.5 0.00720
29.52 0.00261
29.55 0.00666
29.57 0.00733
29.590000000000003 0.00390
29.61 0.00373
29.64 0.00217
29.66 0.00249
29.680000000000003 -0.00128
29.71 0.00486
29.73 0.00105
29.75 0.00513
29.77 0.00857
29.8 0.00411
29.82 0.01204
29.84 0.00827
29.86 0.01101
29.89 0.00644
29.91 0.00761
29.93 0.00622
29.95 0.00938
29.98 0.00602
30.0 0.00308
30.020000000000003 -0.00554
30.05 -0.00177
30.07 -0.00740
30.09 0.00299
30.110000000000003 -0.00074
30.14 0.00062
30.16 0.00347
30.18 0.00558
30.200000000000003 0.00459
30.23 0.00300
30.25 -0.00755
30.27 -0.00122
30.290000000000003 0.00213
30.32 0.00522
30.34 0.01061
30.360000000000003 0.00449
30.39 0.00191
30.41 0.00193
30.43 0.00774
30.450000000000003 0.00240
30.48 0.00975
30.5 0.00152
30.52 0.01423
30.540000000000003 0.01607
30.57 0.00970
30.59 0.00205
30.61 -0.00047
30.630000000000003 -0.00564
30.66 -0.00998
30.68 -0.00471
30.700000000000003 -0.00862
30.73 -0.00178
30.75 -0.00576
30.77 -0.00981
30.790000000000003 -0.00273
30.82 -0.01003
30.84 -0.00578
30.86 -0.01206
30.880000000000003 -0.01656
30.91 -0.02016
30.93 -0.02162
30.95 -0.02196
30.98 -0.01975
31.0 -0.01182
31.02 -0.00419
31.040000000000003 -0.00992
31.07 -0.00946
31.09 -0.00729
31.11 -0.00018
31.130000000000003 0.00464
31.16 0.00542
31.18 0.00631
31.2 0.00437
31.220000000000002 0.00076
31.25 0.00174
31.27 -0.00023
31.29 -0.00197
31.32 0.00064
31.34 -0.00702
31.36 0.00092
31.38 0.00139
31.41 0.00137
31.43 0.00709
31.45 0.00376
31.47 -0.00649
31.5 -0.00361
31.52 0.00044
31.54 -0.00196
31.56 0.00321
31.59 -0.00128
31.61 -0.00890
31.63 -0.00797
31.66 0.00146
31.68 -0.01198
31.7 -0.00649
31.72 0.00692
31.75 0.00649
31.77 -0.00275
31.79 -0.01042
31.81 0.00518
31.84 0.00329
31.86 -0.01305
31.88 -0.01064
31.9 -0.01007
31.93 -0.01711
31.95 -0.01869
31.97 -0.02275
32.0 -0.01771
32.02 -0.01033
32.04 -0.00339
32.059999999999995 -0.00701
32.09 -0.00269
32.11 -0.00523
32.129999999999995 -0.00171
32.15 -0.00057
32.18 -0.00009
32.2 -0.00441
32.22 -0.00778
32.239999999999995 -0.00980
32.27 -0.01034
32.29 -0.00994
32.309999999999995 -0.01270
32.34 -0.01372
32.36 -0.01491
32.38 -0.00916
32.4 -0.00609
32.43 -0.00811
32.45 -0.01005
32.47 -0.00867
32.489999999999995 -0.00909
32.52 -0.00897
32.54 -0.00971
32.559999999999995 -0.01073
32.59 -0.00919
32.61 -0.00702
32.63 -0.00857
32.65 -0.00754
32.68 -0.00827
32.7 -0.01194
32.72 -0.01352
32.739999999999995 -0.00800
32.77 -0.00966
32.79 -0.00951
32.81 -0.00377
32.83 -0.00927
32.86 -0.01618
32.88 -0.02422
32.9 0.00491
32.93 0.00226
32.95 -0.01913
32.97 -0.00240
32.99 -0.00117
33.02 -0.01615
33.04 -0.01521
33.06 -0.00294
33.08 -0.01082
33.11 -0.01642
33.13 -0.02433
33.15 -0.01148
33.169999999999995 -0.01819
33.2 -0.01614
33.22 0.00275
33.24 -0.00327
33.27 0.00435
33.29 0.00371
33.31 0.00470
33.33 -0.00857
33.36 -0.01879
33.38 0.00139
33.4 0.00901
33.42 0.00473
33.45 0.00607
33.47 0.00094
33.49 -0.01392
33.51 -0.01936
33.54 -0.02232
33.56 -0.02562
33.58 -0.02168
33.61 -0.01738
33.63 -0.00943
33.65 -0.00272
33.67 -0.00916
33.7 -0.01017
33.72 -0.01716
33.74 -0.01817
33.76 -0.01577
33.79 -0.00980
33.81 -0.00735
33.83 -0.01494
33.85 -0.01746
33.88 -0.00845
33.9 -0.00441
33.92 -0.01214
33.95 -0.01485
33.97 -0.01633
33.99 -0.00551
34.01 -0.00141
34.04 -0.00441
34.06 -0.00056
34.08 -0.00502
34.1 -0.00586
34.13 -0.00821
34.15 -0.00738
34.17 -0.01398
34.2 -0.01416
34.22 -0.01544
34.24 -0.01283
34.26 -0.01434
34.29 -0.01855
34.31 0.00013
34.33 0.00190
34.35 0.00020
34.38 -0.00329
34.4 -0.01001
34.42 -0.01505
34.44 -0.01906
34.47 0.00015
34.49 -0.00395
34.51 -0.00901
34.54 -0.00788
34.56 -0.00660
34.58 0.00641
34.6 -0.00179
34.63 -0.00632
34.65 -0.01467
34.67 -0.02252
34.69 -0.02667
34.72 -0.01853
34.74 -0.01027
34.76 -0.00174
34.78 0.00371
34.81 0.00277
34.83 0.01067
34.85 0.01765
34.88 0.01421
34.9 0.00216
34.92 -0.00102
34.94 -0.00156
34.97 -0.01265
34.99 -0.01637
35.01 -0.01049
35.03 -0.00788
35.06 -0.00506
35.08 -0.00519
35.1 -0.00671
35.12 -0.00660
35.15 -0.00710
35.17 -0.00547
35.19 0.00239
35.22 0.00080
35.24 -0.00554
35.26 -0.00815
35.28 -0.00692
35.31 0.00034
35.33 -0.00335
35.35 -0.00246
35.37 -0.00661
35.4 -0.00795
35.42 -0.00646
35.44 -0.00312
35.46 -0.00228
35.49 -0.00359
35.51 -0.00176
35.53 0.00035
35.56 -0.00037
35.58 -0.00270
35.6 -0.00872
35.62 -0.00776
35.65 -0.00523
35.67 -0.01044
35.69 -0.00822
35.71 -0.00254
35.74 -0.00112
35.76 -0.00304
35.78 0.00064
35.8 -0.00353
35.83 -0.00221
35.85 -0.00112
35.87 -0.00179
35.9 0.00054
35.92 0.00230
35.94 0.00151
35.96 0.00056
35.99 0.00059
36.01 -0.00159
36.03 -0.00572
36.05 -0.00374
36.08 -0.00536
36.1 -0.01011
36.12 -0.01119
36.15 -0.00267
36.17 -0.00965
36.19 -0.00903
36.21 -0.00804
36.24 -0.00997
36.26 -0.00873
36.28 -0.00740
36.3 -0.00685
36.33 -0.00590
36.35 -0.00101
36.37 -0.00485
36.39 -0.00459
36.42 -0.00125
36.44 -0.00139
36.46 -0.00344
36.49 -0.00426
36.51 0.00012
36.53 0.00076
36.55 -0.00039
36.58 -0.00146
36.6 0.00039
36.62 -0.00071
36.64 0.00032
36.67 -0.00101
36.69 -0.00779
36.71 -0.00671
36.73 0.00139
36.76 -0.00307
36.78 -0.00090
36.8 0.00330
36.83 0.00025
36.85 -0.00002
36.87 0.00042
36.89 -0.00288
36.92 -0.00428
36.94 -0.00375
36.96 -0.00180
36.98 0.00464
37.01 0.00704
37.03 0.01037
37.05 0.01150
37.07 0.00755
37.1 0.00207
37.12 0.00073
37.14 -0.00394
37.17 -0.00703
37.19 -0.00932
37.21 -0.00434
37.23 -0.00028
37.26 0.00486
37.28 0.00701
37.3 0.00356
37.32 -0.00056
37.35 -0.00433
37.37 -0.00079
37.39 -0.00480
37.41 -0.00425
37.44 -0.00005
37.46 -0.00144
37.48 -0.00153
37.510000000000005 -0.00059
37.53 0.00039
37.55 -0.00079
37.57 -0.00070
37.6 0.00361
37.62 0.00670
37.64 0.00587
37.66 0.00452
37.69 0.00092
37.71 0.00124
37.73 0.00260
37.760000000000005 0.00189
37.78 0.00134
37.8 0.00296
37.82 0.00041
37.85 -0.00047
37.87 -0.00264
37.89 -0.00389
37.91 -0.00258
37.940000000000005 0.00241
37.96 0.00394
37.98 0.00490
38.0 0.00406
38.03 0.00189
38.05 -0.00224
38.07 -0.00169
38.1 0.00191
38.120000000000005 0.00147
38.14 0.00314
38.16 -0.00213
38.190000000000005 0.00063
38.21 0.00313
38.23 0.00513
38.25 0.00474
38.28 0.00633
38.3 0.00700
38.32 0.00515
38.339999999999996 0.00156
38.370000000000005 0.00250
38.39 0.00315
38.41 0.00395
38.440000000000005 -0.00031
38.46 -0.00055
38.48 0.00078
38.5 0.00073
38.53 -0.00154
38.550000000000004 0.00124
38.57 0.00167
38.589999999999996 0.00009
38.620000000000005 -0.00291
38.64 -0.00187
38.66 -0.00100
38.68 0.00031
38.71 -0.00047
38.730000000000004 -0.00151
38.75 -0.00229
38.78 -0.00248
38.800000000000004 -0.00255
38.82 -0.00044
38.839999999999996 0.00173
38.870000000000005 0.00207
38.89 0.00352
38.91 0.00288
38.93 0.00474
38.96 0.00850
38.980000000000004 0.00604
39.0 0.00004
39.019999999999996 0.00215
39.050000000000004 0.00542
39.07 0.00239
39.089999999999996 0.00354
39.120000000000005 0.00466
39.14 0.00297
39.160000000000004 0.00210
39.18 0.00505
39.21 0.00445
39.230000000000004 0.00327
39.25 0.00675
39.269999999999996 0.00169
39.300000000000004 0.00214
39.32 0.00107
39.34 0.00547
39.370000000000005 0.00636
39.39 0.01021
39.410000000000004 0.00665
39.43 0.00299
39.46 0.00640
39.480000000000004 0.00885
39.5 0.00707
39.519999999999996 0.00676
39.550000000000004 0.00386
39.57 0.00547
39.59 0.00519
39.61 0.00378
39.64 0.00634
39.660000000000004 0.00457
39.68 0.00526
39.71 0.00420
39.730000000000004 0.00389
39.75 0.00612
39.77 0.00459
39.800000000000004 0.00299
39.82 0.00677
39.84 0.00506
39.86 0.00832
39.89 0.00866
39.910000000000004 0.00367
39.93 0.00161
39.95 0.00320
39.980000000000004 -0.00012
40.0 0.00119
40.02 0.00088
40.050000000000004 -0.00048
40.07 0.00030
40.09 0.00388
40.11 0.00122
40.14 0.00569
40.160000000000004 0.00979
40.18 0.00715
40.2 0.00575
40.230000000000004 0.00052
40.25 0.00384
40.27 0.00537
40.29 0.00568
40.32 0.00110
40.34 0.00532
40.36 0.00558
40.39 0.00339
40.410000000000004 0.00009
40.43 -0.00077
40.45 0.00286
40.480000000000004 0.00374
40.5 0.00664
40.52 0.00596
40.54 0.00624
40.57 0.00958
40.59 0.00938
40.61 0.00705
40.63 0.00753
40.660000000000004 0.01005
40.68 0.00846
40.7 0.00991
40.730000000000004 0.00621
40.75 0.00735
40.77 0.01088
40.79 0.00907
40.82 0.00583
40.84 0.00656
40.86 0.00957
40.88 0.00916
40.910000000000004 0.00787
40.93 0.00616
40.95 0.00890
40.980000000000004 0.00661
41.0 0.00405
41.02 0.00514
41.04 0.00550
41.07 0.00234
41.09 0.00575
41.11 0.00453
41.13 0.00349
41.160000000000004 0.00430
41.18 0.00425
41.2 0.00375
41.22 0.00204
41.25 0.00047
41.27 0.00022
41.29 0.00015
41.32 -0.00095
41.34 0.00161
41.36 0.00201
41.38 0.00154
41.410000000000004 0.00181
41.43 0.00366
41.45 0.00404
41.47 0.00373
41.5 0.00105
41.52 0.00231
41.54 0.00276
41.56 0.00488
41.59 0.00173
41.61 0.00063
41.63 0.00409
41.660000000000004 0.00348
41.68 0.00365
41.7 0.00199
41.72 0.00175
41.75 0.00032
41.77 -0.00091
41.79 0.00074
41.81 0.00317
41.84 0.00542
41.86 0.00441
41.88 0.00371
41.9 0.00221
41.93 0.00505
41.95 0.00714
41.97 0.00624
42.0 0.00619
42.02 0.00420
42.04 0.00723
42.06 0.00502
42.09 0.00312
42.11 0.00466
42.13 0.00021
42.15 0.00104
42.18 0.00580
42.2 0.00215
42.22 0.00245
42.24 0.00309
42.27 0.00431
42.29 0.00287
42.31 -0.00079
42.34 0.00103
42.36 0.00263
42.38 0.00421
42.4 0.00419
42.43 0.00283
42.45 0.00127
42.47 0.00420
42.49 0.00636
42.52 0.00862
42.54 0.00509
42.56 0.00241
42.59 0.00674
42.61 0.00692
42.63 0.00338
42.65 0.00196
42.68 0.00471
42.7 0.00817
42.72 0.00476
42.74 0.00295
42.77 0.00472
42.79 0.00261
42.81 0.00239
42.83 0.00348
42.86 0.00224
42.88 0.00234
42.9 0.00488
42.93 0.00612
42.95 0.00491
42.97 0.00373
42.99 0.00316
43.02 0.00323
43.04 0.00363
43.06 0.00312
43.08 0.00400
43.11 0.00151
43.13 0.00246
43.15 0.00685
43.17 0.00888
43.2 0.00633
43.22 0.00550
43.24 0.00285
43.27 0.00257
43.29 0.00328
43.31 0.00339
43.33 0.00522
43.36 0.00432
43.38 0.00424
43.4 0.00491
43.42 0.00331
43.45 0.00254
43.47 0.00398
43.49 0.00402
43.51 0.00452
43.54 0.00370
43.56 0.00573
43.58 0.00602
43.61 0.00400
43.63 0.00019
43.65 0.00155
43.67 0.00211
43.7 0.00476
43.72 0.00496
43.74 0.00531
43.76 0.00320
43.79 0.00060
43.81 0.00098
43.83 0.00395
43.85 0.00768
43.88 0.01079
43.9 0.00868
43.92 0.00545
43.95 0.00551
43.97 0.00662
43.99 0.00581
44.01 0.00599
44.040000000000006 0.00410
44.06 -0.00103
44.08 0.00139
44.1 0.00050
44.13 0.00218
44.15 0.00590
44.17 0.00620
44.2 0.00418
44.22 0.00358
44.24 0.00227
44.26 0.00284
44.290000000000006 0.00231
44.31 0.00322
44.33 0.00623
44.35 0.00317
44.38 0.00167
44.4 0.00299
44.42 0.00428
44.44 0.00363
44.470000000000006 0.00311
44.49 0.00400
44.51 0.00461
44.540000000000006 0.00248
44.56 0.00133
44.58 0.00240
44.6 0.00067
44.63 0.00242
44.650000000000006 0.00363
44.67 0.00126
44.69 0.00253
44.720000000000006 0.00339
44.74 0.00324
44.76 0.00146
44.78 0.00055
44.81 0.00199
44.83 0.00266
44.85 0.00256
44.88 0.00267
44.900000000000006 0.00196
44.92 0.00030
44.94 0.00152
44.970000000000006 0.00454
44.99 0.00496
45.01 0.00446
45.03 0.00424
45.06 0.00389
45.080000000000005 0.00429
45.1 0.00510
45.12 0.00464
45.150000000000006 0.00199
45.17 0.00382
45.19 0.00324
45.220000000000006 0.00208
45.24 0.00288
45.260000000000005 0.00253
45.28 0.00220
45.31 0.00160
45.330000000000005 0.00301
};
\addlegendentry{Brinkmann et al.}
\addplot [semithick, red, opacity=0.8]
table {%
0.0 0.00000
0.02 0.00000
0.05 0.00000
0.06999999999999999 0.00000
0.09000000000000001 0.00000
0.11 0.00000
0.13999999999999999 0.00000
0.16 0.00000
0.18000000000000002 0.00000
0.2 0.00000
0.23 0.00000
0.25 0.00000
0.27 0.00000
0.29 0.00000
0.32 0.00000
0.34 0.00000
0.36000000000000004 0.00000
0.39 0.00000
0.41 0.00000
0.43 0.00000
0.45 0.00000
0.48000000000000004 0.00000
0.5 0.00000
0.5199999999999999 0.00000
0.54 0.00000
0.57 0.00000
0.5900000000000001 0.00000
0.61 0.00000
0.63 0.00000
0.66 0.00000
0.68 0.00000
0.7 0.00000
0.73 0.00000
0.75 0.00000
0.7699999999999999 0.00000
0.79 0.00000
0.82 0.00000
0.8400000000000001 0.00000
0.86 0.00000
0.88 0.00000
0.91 0.00000
0.93 0.00000
0.95 0.00000
0.98 0.00000
1.0 0.00000
1.02 0.00000
1.0399999999999998 0.00000
1.07 0.00000
1.09 0.00000
1.11 0.00000
1.13 0.00000
1.16 0.00000
1.1800000000000002 0.00000
1.2 0.00000
1.22 0.00000
1.25 0.00000
1.27 0.00000
1.2899999999999998 0.00000
1.32 0.00000
1.34 0.00000
1.36 0.00000
1.38 0.00000
1.41 0.00000
1.4300000000000002 0.00000
1.45 0.00000
1.47 0.00000
1.5 0.00000
1.52 0.00000
1.5399999999999998 0.00000
1.56 0.00000
1.59 0.00000
1.61 0.00000
1.63 0.00000
1.66 0.00000
1.6800000000000002 0.00000
1.7 0.00000
1.72 0.00000
1.75 0.00000
1.77 0.00000
1.79 0.00000
1.81 0.00000
1.84 0.00000
1.86 0.00000
1.88 0.00000
1.9 0.00000
1.9300000000000002 0.00000
1.95 0.00000
1.97 0.00000
2.0 0.00000
2.02 0.00000
2.04 0.00000
2.06 0.00000
2.09 0.00000
2.11 0.00000
2.13 0.00000
2.15 0.00000
2.18 0.00000
2.2 0.00000
2.22 0.00000
2.2399999999999998 0.00000
2.27 0.00000
2.29 0.00000
2.31 0.00000
2.34 0.00000
2.3600000000000003 0.00000
2.3800000000000003 0.00000
2.4 0.00000
2.4299999999999997 0.00000
2.4499999999999997 0.00000
2.4699999999999998 0.00000
2.49 0.00000
2.52 0.00000
2.54 0.00000
2.56 0.00000
2.59 0.00000
2.61 0.00000
2.63 0.00000
2.65 0.00000
2.68 0.00000
2.7 0.00000
2.72 0.00000
2.7399999999999998 0.00000
2.77 0.00000
2.79 0.00000
2.81 0.00000
2.83 0.00000
2.8600000000000003 0.00000
2.8800000000000003 0.00000
2.9 0.00000
2.9299999999999997 0.00000
2.9499999999999997 0.00000
2.97 0.00000
2.99 0.00000
3.02 0.00000
3.04 0.00000
3.0599999999999996 0.00000
3.0799999999999996 0.00000
3.11 0.00000
3.13 0.00000
3.15 0.00000
3.17 0.00000
3.2 0.00000
3.22 0.00000
3.2399999999999998 0.00000
3.27 0.00000
3.29 0.00000
3.31 0.00000
3.33 0.00000
3.3600000000000003 0.00000
3.3800000000000003 0.00000
3.4 0.00000
3.42 0.00000
3.4499999999999997 0.00000
3.47 0.00000
3.49 0.00000
3.5100000000000002 0.00000
3.54 0.00000
3.5599999999999996 0.00000
3.58 0.00000
3.61 0.00000
3.63 0.00000
3.65 0.00000
3.67 0.00000
3.7 0.00000
3.72 0.00000
3.7399999999999998 0.00000
3.76 0.00000
3.79 0.00000
3.81 0.00000
3.83 0.00000
3.85 0.00000
3.8800000000000003 0.00000
3.9 0.00000
3.92 0.00000
3.95 0.00000
3.9699999999999998 0.00000
3.9899999999999998 0.00000
4.01 0.00000
4.04 0.00000
4.0600000000000005 0.00000
4.08 0.00000
4.1000000000000005 0.00000
4.13 0.00000
4.15 0.00000
4.17 0.00000
4.2 0.00000
4.22 0.00000
4.24 0.00000
4.26 0.00000
4.29 0.00000
4.31 0.00000
4.33 0.00000
4.35 0.00000
4.38 0.00000
4.4 0.00000
4.42 0.00000
4.44 0.00000
4.47 0.00000
4.49 0.00000
4.51 0.00000
4.54 0.00000
4.56 0.00000
4.58 0.00000
4.6 0.00000
4.63 0.00000
4.6499999999999995 0.00000
4.67 0.00000
4.6899999999999995 0.00000
4.720000000000001 0.00000
4.74 0.00000
4.760000000000001 0.00000
4.78 0.00000
4.81 0.00000
4.83 0.00000
4.8500000000000005 0.00000
4.88 0.00000
4.8999999999999995 0.00000
4.92 0.00000
4.9399999999999995 0.00000
4.97 0.00000
4.989999999999999 0.00000
5.01 0.00000
5.029999999999999 0.00000
5.0600000000000005 0.00000
5.08 0.00000
5.1000000000000005 0.00000
5.12 0.00000
5.15 0.00000
5.17 0.00000
5.19 0.00000
5.22 0.00000
5.24 0.00000
5.26 0.00000
5.28 0.00000
5.31 0.00000
5.33 0.00000
5.35 0.00000
5.37 0.00000
5.4 0.00000
5.42 0.00000
5.44 0.00000
5.46 0.00000
5.49 0.00000
5.51 0.00000
5.53 0.00000
5.56 0.00000
5.58 0.00000
5.6 0.00000
5.62 0.00000
5.6499999999999995 0.00000
5.67 0.00000
5.6899999999999995 0.00000
5.71 0.00000
5.74 0.00000
5.760000000000001 0.00000
5.78 0.00000
5.8 0.00000
5.83 0.00000
5.8500000000000005 0.00000
5.87 0.00000
5.8999999999999995 0.00000
5.92 0.00000
5.94 0.00000
5.96 0.00000
5.989999999999999 0.00000
6.01 0.00000
6.029999999999999 0.00000
6.05 0.00000
6.08 0.00000
6.1000000000000005 0.00000
6.119999999999999 0.00000
6.15 0.00000
6.17 0.00000
6.19 0.00000
6.21 0.00000
6.24 0.00000
6.26 0.00000
6.28 0.00000
6.3 0.00000
6.33 0.00000
6.35 0.00000
6.37 0.00000
6.39 0.00000
6.42 0.00000
6.44 0.00000
6.46 0.00000
6.49 0.00000
6.51 0.00000
6.53 0.00000
6.550000000000001 0.00000
6.58 0.00000
6.6 0.00000
6.62 0.00000
6.64 0.00000
6.67 0.00000
6.6899999999999995 0.00000
6.71 0.00000
6.7299999999999995 0.00000
6.760000000000001 0.00000
6.779999999999999 0.00000
6.8 0.00000
6.83 0.00000
6.8500000000000005 0.00000
6.87 0.00000
6.890000000000001 0.00000
6.92 0.00000
6.94 0.00000
6.96 0.00000
6.98 0.00000
7.01 0.00000
7.029999999999999 0.00000
7.05 0.00000
7.07 0.00000
7.1000000000000005 0.00000
7.119999999999999 0.00000
7.14 0.00000
7.17 0.00000
7.19 0.00000
7.21 0.00000
7.23 0.00000
7.26 0.00000
7.28 0.00000
7.3 0.00000
7.32 0.00000
7.35 0.00000
7.37 0.00000
7.39 0.00000
7.41 0.00000
7.44 0.00000
7.46 0.00000
7.4799999999999995 0.00000
7.51 0.00000
7.53 0.00000
7.550000000000001 0.00000
7.57 0.00000
7.6 0.00000
7.62 0.00000
7.64 0.00000
7.66 0.00000
7.6899999999999995 0.00000
7.71 0.00000
7.7299999999999995 0.00000
7.760000000000001 0.00000
7.779999999999999 0.00000
7.8 0.00000
7.82 0.00000
7.85 0.00000
7.87 0.00000
7.89 0.00000
7.91 0.00000
7.9399999999999995 0.00000
7.96 0.00000
7.9799999999999995 0.00000
8.0 0.00000
8.030000000000001 0.00000
8.05 0.00000
8.07 0.00000
8.1 0.00000
8.120000000000001 0.00000
8.139999999999999 0.00000
8.16 0.00000
8.19 0.00000
8.21 0.00000
8.229999999999999 0.00000
8.25 0.00000
8.28 0.00000
8.3 0.00000
8.319999999999999 0.00000
8.34 0.00000
8.370000000000001 0.00000
8.39 0.00000
8.41 0.00000
8.44 0.00000
8.46 0.00000
8.48 0.00000
8.5 0.00000
8.53 0.00000
8.55 0.00000
8.57 0.00000
8.59 0.00000
8.62 0.00000
8.64 0.00000
8.66 0.00000
8.68 0.00000
8.71 0.00000
8.73 0.00000
8.75 0.00000
8.78 0.00000
8.8 0.00000
8.82 0.00000
8.84 0.00000
8.87 0.00000
8.89 0.00000
8.91 0.00000
8.93 0.00000
8.959999999999999 0.00000
8.98 0.00000
9.0 0.00000
9.02 0.00000
9.05 0.00000
9.07 0.00000
9.090000000000002 0.00000
9.12 0.00000
9.14 0.00000
9.16 0.00000
9.180000000000001 0.00000
9.209999999999999 0.00000
9.23 0.00000
9.25 0.00000
9.27 0.00000
9.299999999999999 0.00000
9.32 0.00000
9.34 0.00000
9.37 0.00000
9.39 0.00000
9.41 0.00000
9.43 0.00000
9.459999999999999 0.00000
9.48 0.00000
9.5 0.00000
9.520000000000001 0.00000
9.549999999999999 0.00000
9.57 0.00000
9.59 0.00000
9.610000000000001 0.00000
9.639999999999999 0.00000
9.66 0.00000
9.68 0.00000
9.709999999999999 0.00000
9.73 0.00000
9.75 0.00000
9.77 0.00000
9.799999999999999 0.00000
9.82 0.00000
9.84 0.00000
9.860000000000001 0.00000
9.889999999999999 0.00000
9.91 0.00000
9.93 0.00000
9.950000000000001 0.00000
9.979999999999999 0.00000
10.0 0.00000
10.02 0.00000
10.05 0.00000
10.07 0.00000
10.09 0.00000
10.11 0.00000
10.14 0.00000
10.16 0.00000
10.18 0.00000
10.200000000000001 0.00000
10.229999999999999 0.00000
10.25 0.00000
10.27 0.00000
10.290000000000001 0.00000
10.319999999999999 0.00000
10.34 0.00000
10.36 0.00000
10.39 0.00000
10.41 0.00000
10.43 0.00000
10.45 0.00000
10.48 0.00000
10.5 0.00000
10.52 0.00000
10.540000000000001 0.00000
10.57 0.00000
10.59 0.00000
10.61 0.00000
10.63 0.00000
10.66 0.00000
10.68 0.00000
10.7 0.00000
10.73 0.00000
10.75 0.00000
10.77 0.00000
10.79 0.00000
10.82 0.00000
10.84 0.00000
10.86 0.00000
10.88 0.00000
10.91 0.00000
10.93 0.00000
10.95 0.00000
10.98 0.00000
11.0 0.00000
11.02 0.00000
11.04 0.00000
11.07 0.00000
11.09 0.00000
11.11 0.00000
11.129999999999999 0.00000
11.16 0.00000
11.180000000000001 0.00000
11.2 0.00000
11.22 0.00000
11.25 0.00000
11.270000000000001 0.00000
11.29 0.00000
11.32 0.00000
11.34 0.00000
11.36 0.00000
11.379999999999999 0.00000
11.41 0.00000
11.43 0.00000
11.45 0.00000
11.469999999999999 0.00000
11.5 0.00000
11.520000000000001 0.00000
11.54 0.00000
11.56 0.00000
11.59 0.00000
11.610000000000001 0.00000
11.629999999999999 0.00000
11.66 0.00000
11.68 0.00000
11.700000000000001 0.00000
11.719999999999999 0.00000
11.75 0.00000
11.77 0.00000
11.790000000000001 0.00000
11.809999999999999 0.00000
11.84 0.00000
11.860000000000001 0.00000
11.88 0.00000
11.9 0.00000
11.93 0.00000
11.950000000000001 0.00000
11.969999999999999 0.00000
12.0 0.00000
12.02 0.00000
12.040000000000001 0.00000
12.059999999999999 0.00000
12.09 0.00000
12.11 0.00000
12.13 0.00000
12.149999999999999 0.00000
12.18 0.00000
12.200000000000001 0.00000
12.22 0.00000
12.239999999999998 0.00000
12.27 0.00000
12.290000000000001 0.00000
12.31 0.00000
12.34 0.00000
12.36 0.00000
12.38 0.00000
12.4 0.00000
12.43 0.00000
12.45 0.00000
12.47 0.00000
12.49 0.00000
12.52 0.00000
12.540000000000001 0.00000
12.56 0.00000
12.59 0.00000
12.61 0.00000
12.63 0.00000
12.65 0.00000
12.68 0.00000
12.7 0.00000
12.72 0.00000
12.74 0.00000
12.77 0.00000
12.79 0.00000
12.81 0.00000
12.83 0.00000
12.86 0.00000
12.88 0.00000
12.9 0.00000
12.93 0.00000
12.95 0.00000
12.97 0.00000
12.99 0.00000
13.02 0.00000
13.04 0.00000
13.06 0.00000
13.08 0.00000
13.11 0.00000
13.129999999999999 0.00000
13.15 0.00000
13.17 0.00000
13.2 0.00000
13.22 0.00000
13.24 0.00000
13.270000000000001 0.00000
13.29 0.00000
13.31 0.00000
13.33 0.00000
13.360000000000001 0.00000
13.379999999999999 0.00000
13.4 0.00000
13.42 0.00000
13.45 0.00000
13.469999999999999 0.00000
13.49 0.00000
13.51 0.00000
13.54 0.00000
13.559999999999999 0.00000
13.58 0.00000
13.610000000000001 0.00000
13.629999999999999 0.00000
13.65 0.00000
13.67 0.00000
13.700000000000001 0.00000
13.719999999999999 0.00000
13.74 0.00000
13.76 0.00000
13.790000000000001 0.00000
13.809999999999999 0.00000
13.83 0.00000
13.85 0.00000
13.88 0.00000
13.899999999999999 0.00000
13.92 0.00000
13.950000000000001 0.00000
13.97 0.00000
13.99 0.00000
14.01 0.00000
14.040000000000001 0.00000
14.059999999999999 0.00000
14.08 0.00000
14.1 0.00000
14.13 0.00000
14.149999999999999 0.00000
14.17 0.00000
14.200000000000001 0.00000
14.22 0.00000
14.239999999999998 0.00000
14.26 0.00000
14.290000000000001 0.00000
14.31 0.00000
14.33 0.00000
14.35 0.00000
14.38 0.00000
14.4 0.00000
14.42 0.00000
14.44 0.00000
14.47 0.00000
14.49 0.00000
14.51 0.00000
14.540000000000001 0.00000
14.56 0.00000
14.58 0.00000
14.6 0.00000
14.63 0.00000
14.65 0.00000
14.67 0.00000
14.69 0.00000
14.72 0.00000
14.74 0.00000
14.76 0.00000
14.78 0.00000
14.81 0.00000
14.83 0.00000
14.85 0.00000
14.88 -0.70213
14.9 0.00101
14.92 0.00107
14.94 0.00106
14.97 0.00113
14.99 0.00086
15.010000000000002 0.00107
15.03 0.00096
15.06 0.00061
15.08 0.00079
15.100000000000001 0.00168
15.12 0.64407
15.15 -0.00774
15.17 0.03333
15.19 0.05265
15.219999999999999 0.00306
15.24 -0.01358
15.26 0.00198
15.28 -0.00306
15.31 -0.00223
15.33 -0.00005
15.350000000000001 -0.01631
15.37 -0.00024
15.4 0.00000
15.42 0.00000
15.440000000000001 0.00000
15.459999999999999 0.00000
15.49 0.00000
15.51 0.00000
15.530000000000001 0.00000
15.559999999999999 0.00000
15.58 0.00000
15.6 0.00000
15.620000000000001 0.00000
15.65 0.00000
15.67 0.00000
15.69 0.00000
15.709999999999999 0.00000
15.74 0.00000
15.76 0.00000
15.78 0.00000
15.8 0.00000
15.83 0.00000
15.85 0.00000
15.87 0.00000
15.9 0.00000
15.92 0.00000
15.94 0.00000
15.959999999999999 0.00000
15.99 0.00000
16.01 0.00000
16.029999999999998 0.00000
16.049999999999997 0.00000
16.080000000000002 0.00000
16.1 0.00000
16.119999999999997 0.00000
16.150000000000002 0.00000
16.17 0.00000
16.19 0.00000
16.209999999999997 0.00000
16.240000000000002 0.00000
16.26 0.00000
16.279999999999998 0.00000
16.299999999999997 0.00000
16.330000000000002 0.00000
16.35 0.00000
16.369999999999997 0.00000
16.389999999999997 0.00000
16.42 0.00000
16.44 0.00000
16.459999999999997 0.00000
16.490000000000002 0.00000
16.51 0.00000
16.53 0.00000
16.549999999999997 0.00000
16.580000000000002 0.00000
16.6 0.72389
16.62 0.01618
16.639999999999997 -0.01771
16.67 -0.00066
16.69 -0.00087
16.71 -0.00120
16.729999999999997 -0.71962
16.76 0.71754
16.78 -0.71754
16.8 -0.11026
16.830000000000002 -0.13519
16.85 -0.12026
16.87 -0.06873
16.889999999999997 -0.08209
16.92 -0.23435
16.94 0.08488
16.96 -0.21963
16.979999999999997 0.03035
17.01 1.00000
17.03 -0.00000
17.05 -0.00002
17.069999999999997 -0.00009
17.1 -0.00005
17.12 -0.08497
17.14 -0.06550
17.17 -0.00567
17.19 -0.03290
17.21 0.01834
17.23 -0.21301
17.26 -0.68424
17.28 -0.03898
17.3 -0.03646
17.32 0.07709
17.35 -0.03961
17.37 0.02776
17.39 0.56930
17.41 0.27087
17.44 0.07846
17.46 -0.04644
17.48 0.02256
17.51 0.15623
17.53 0.02165
17.55 -0.00376
17.57 0.00336
17.6 -0.00606
17.62 -0.01491
17.64 -0.21583
17.66 0.10756
17.69 -0.18999
17.71 0.13938
17.73 -0.10058
17.76 0.03942
17.78 0.03054
17.8 -0.03045
17.82 0.02092
17.85 0.00933
17.87 -0.01114
17.89 -0.02594
17.91 0.03347
17.94 0.18068
17.96 -0.00953
17.98 0.00907
18.0 -0.00157
18.03 -0.00608
18.05 -0.14704
18.07 0.02145
18.1 0.03126
18.12 0.11697
18.14 -0.00983
18.16 0.00327
18.19 0.00232
18.21 0.01694
18.23 -0.02692
18.25 0.02609
18.28 0.00002
18.3 0.00048
18.32 -0.01854
18.34 0.00298
18.37 -0.14208
18.39 -0.01401
18.41 -0.02327
18.44 -0.02599
18.46 -0.02279
18.48 0.04693
18.5 0.00619
18.53 0.00570
18.55 0.03058
18.57 -0.01202
18.59 -0.03884
18.62 0.04940
18.64 -0.00094
18.66 -0.06792
18.68 0.08454
18.71 -0.11411
18.73 0.08575
18.75 -0.38673
18.78 -0.11176
18.8 0.07358
18.82 0.03968
18.84 -0.00533
18.87 -0.05544
18.89 0.03529
18.91 0.01945
18.93 -0.03056
18.96 0.02296
18.98 0.07220
19.0 -0.01710
19.02 -0.05030
19.05 0.03070
19.07 0.04308
19.09 0.00723
19.12 -0.10652
19.14 0.10729
19.16 -0.02660
19.18 -0.00323
19.21 -0.02690
19.23 0.06148
19.25 -0.04891
19.27 0.35792
19.3 0.01294
19.32 -0.01390
19.34 -0.01234
19.369999999999997 0.03422
19.39 -0.00588
19.41 0.00362
19.43 -0.35561
19.46 0.00499
19.48 0.08066
19.5 -0.03471
19.52 -0.03759
19.55 0.04053
19.57 0.01611
19.59 -0.02500
19.61 0.18282
19.64 0.01962
19.66 0.00903
19.68 -0.02335
19.709999999999997 0.03340
19.73 -0.01435
19.75 0.01517
19.77 -0.02706
19.8 0.01783
19.82 -0.17450
19.84 0.02818
19.86 -0.01409
19.89 -0.02128
19.91 0.01961
19.93 0.00293
19.95 0.03423
19.98 -0.05477
20.0 0.00193
20.02 0.04395
20.049999999999997 0.00633
20.07 0.01040
20.09 -0.03251
20.11 0.01614
20.14 -0.00805
20.16 0.02282
20.18 0.01664
20.2 -0.02873
20.23 -0.00937
20.25 0.03084
20.27 0.01946
20.29 -0.00080
20.32 0.03535
20.34 -0.00257
20.36 0.01770
20.389999999999997 -0.00007
20.41 0.00032
20.43 0.00030
20.45 0.00029
20.48 -0.00028
20.5 -0.01322
20.52 -0.00176
20.54 -0.02066
20.57 -0.00473
20.59 -0.00154
20.61 0.04889
20.63 -0.03260
20.66 -0.03206
20.68 0.01976
20.7 0.00472
20.729999999999997 0.02757
20.75 -0.00802
20.77 0.00347
20.79 0.00011
20.82 0.00140
20.84 0.01228
20.86 -0.00752
20.88 0.08330
20.91 0.00148
20.93 -0.00113
20.95 0.00009
20.979999999999997 0.01456
21.0 0.00025
21.02 -0.00000
21.04 0.00000
21.069999999999997 0.00001
21.09 0.00000
21.11 -0.00013
21.13 -0.00001
21.16 -0.00000
21.18 0.00003
21.2 -0.00578
21.22 -0.02740
21.25 0.02915
21.27 0.00491
21.29 -0.00002
21.32 0.00002
21.34 -0.00002
21.36 -0.00001
21.38 0.00002
21.41 -0.00001
21.43 -0.00001
21.45 0.00003
21.47 -0.00054
21.5 -0.00770
21.52 0.01096
21.54 -0.03491
21.56 0.00116
21.59 0.00375
21.61 -0.01152
21.63 0.00184
21.66 -0.00002
21.68 -0.00008
21.7 0.00017
21.72 0.00004
21.75 0.00004
21.77 0.00036
21.79 0.00001
21.81 0.00001
21.84 0.00000
21.86 0.00014
21.88 0.07042
21.9 0.00353
21.930000000000003 0.00631
21.95 -0.00142
21.97 0.00353
22.0 -0.00398
22.020000000000003 0.00101
22.04 0.00710
22.06 -0.00348
22.09 0.00053
22.11 0.00414
22.13 -0.00327
22.15 0.00052
22.18 0.00574
22.2 0.00131
22.22 0.00487
22.24 0.00016
22.270000000000003 -0.00268
22.29 -0.00058
22.31 0.00658
22.34 0.00416
22.360000000000003 0.00497
22.38 -0.00993
22.4 0.00671
22.43 -0.00145
22.450000000000003 -0.00118
22.47 0.00525
22.49 -0.00120
22.52 0.00018
22.540000000000003 0.01000
22.56 -0.00817
22.59 -0.06684
22.610000000000003 -0.00269
22.630000000000003 0.00010
22.65 -0.00002
22.68 0.00007
22.700000000000003 -0.00000
22.72 0.00018
22.74 -0.00009
22.77 0.00005
22.790000000000003 -0.00007
22.81 0.01202
22.83 0.06853
22.86 0.01145
22.880000000000003 -0.00466
22.9 0.00058
22.93 -0.00100
22.950000000000003 0.00407
22.970000000000002 -0.00332
22.99 -0.00091
23.02 0.00447
23.040000000000003 -0.00764
23.060000000000002 0.01219
23.08 -0.00737
23.11 0.00478
23.130000000000003 -0.00503
23.150000000000002 -0.00101
23.169999999999998 0.00942
23.2 0.00000
23.220000000000002 0.01268
23.240000000000002 -0.01167
23.27 0.00547
23.290000000000003 0.00428
23.310000000000002 -0.00758
23.33 0.00202
23.36 0.00586
23.380000000000003 -0.00174
23.400000000000002 -0.00590
23.419999999999998 0.00699
23.45 0.00438
23.470000000000002 -0.01363
23.490000000000002 0.01463
23.509999999999998 -0.01290
23.54 0.01512
23.560000000000002 0.00161
23.580000000000002 -0.00584
23.61 0.00353
23.630000000000003 -0.00722
23.650000000000002 0.01256
23.67 -0.00646
23.7 0.00093
23.720000000000002 -0.00345
23.740000000000002 0.00731
23.76 -0.00178
23.79 -0.00413
23.810000000000002 0.00428
23.830000000000002 -0.00008
23.85 -0.00075
23.88 -0.00406
23.900000000000002 0.00669
23.92 0.00180
23.95 -0.00767
23.970000000000002 0.00685
23.990000000000002 0.00084
24.01 -0.00519
24.04 0.00728
24.060000000000002 -0.00403
24.080000000000002 -0.00048
24.1 -0.00083
24.13 -0.00116
24.150000000000002 0.00268
24.17 0.00582
24.2 -0.00782
24.22 0.00098
24.240000000000002 0.00278
24.26 0.00806
24.29 -0.00659
24.31 0.00892
24.330000000000002 -0.00496
24.35 0.00347
24.38 -0.00578
24.400000000000002 0.00534
24.42 -0.00653
24.44 0.00169
24.47 0.00905
24.490000000000002 -0.01202
24.51 0.01568
24.54 -0.01552
24.56 0.00498
24.580000000000002 0.00385
24.6 -0.00401
24.63 0.00255
24.65 -0.00712
24.67 0.01226
24.69 -0.00758
24.72 -0.00127
24.740000000000002 -0.00653
24.76 0.01177
24.78 -0.00791
24.81 0.00528
24.830000000000002 -0.00707
24.85 0.00442
24.88 0.00426
24.9 -0.00358
24.92 -0.00365
24.94 0.00951
24.97 0.00002
24.99 -0.01232
25.01 0.01482
25.03 -0.00468
25.06 0.00104
25.080000000000002 -0.00260
25.1 0.00778
25.12 0.00308
25.15 -0.00956
25.17 0.00830
25.19 0.00020
25.22 -0.00548
25.24 0.00735
25.26 -0.00358
25.28 -0.00810
25.31 0.00682
25.33 0.00260
25.35 0.00599
25.37 -0.02041
25.4 0.01531
25.42 0.00143
25.44 -0.00556
25.46 -0.00527
25.49 0.00872
25.51 -0.00546
25.53 0.00598
25.56 -0.00953
25.58 0.01170
25.6 -0.00659
25.62 -0.00203
25.65 0.00426
25.669999999999998 0.00233
25.69 -0.00546
25.71 0.00170
25.74 0.00974
25.76 -0.01376
25.78 0.00109
25.8 0.01108
25.83 -0.00036
25.85 -0.00776
25.87 0.00092
25.9 -0.00457
25.919999999999998 0.00503
25.94 0.00484
25.96 -0.00821
25.99 -0.00092
26.009999999999998 0.01621
26.03 -0.01046
26.05 0.00566
26.08 -0.00325
26.1 0.00651
26.12 -0.01258
26.15 0.00970
26.169999999999998 -0.00412
26.19 0.00323
26.21 -0.00142
26.24 -0.00666
26.259999999999998 0.01061
26.28 -0.00877
26.3 -0.00453
26.33 0.01185
26.349999999999998 -0.01406
26.37 0.00754
26.39 0.00946
26.419999999999998 -0.01782
26.44 0.00996
26.46 0.00556
26.49 -0.00894
26.509999999999998 0.00531
26.53 0.00032
26.55 -0.00586
26.58 0.00442
26.599999999999998 0.00421
26.62 -0.00967
26.64 0.01091
26.669999999999998 -0.00764
26.689999999999998 0.00019
26.71 -0.00111
26.73 0.00329
26.759999999999998 -0.00240
26.78 0.00136
26.8 -0.00075
26.83 -0.00257
26.849999999999998 0.00297
26.87 0.00523
26.89 -0.01279
26.919999999999998 0.00264
26.939999999999998 0.00850
26.96 0.00531
26.98 -0.00862
27.009999999999998 0.00341
27.029999999999998 0.00427
27.05 0.00125
27.07 -0.01656
27.099999999999998 0.01669
27.119999999999997 -0.01266
27.14 -0.00123
27.169999999999998 0.01020
27.189999999999998 0.00106
27.21 -0.00721
27.23 -0.00965
27.259999999999998 0.00933
27.279999999999998 0.00271
27.3 0.00125
27.32 -0.00536
27.349999999999998 -0.00286
27.369999999999997 -0.00171
27.39 0.01229
27.41 -0.00659
27.439999999999998 -0.00170
27.459999999999997 0.00035
27.48 -0.00259
27.509999999999998 0.00893
27.529999999999998 -0.00897
27.55 -0.00244
27.57 -0.00198
27.599999999999998 0.01148
27.619999999999997 -0.00201
27.64 -0.00381
27.66 -0.00116
27.689999999999998 -0.00262
27.709999999999997 0.00418
27.73 0.00832
27.76 -0.01509
27.779999999999998 0.00217
27.799999999999997 0.00964
27.82 -0.01284
27.85 0.01318
27.869999999999997 -0.00789
27.89 0.00527
27.91 -0.01026
27.94 0.01340
27.959999999999997 -0.01616
27.98 0.01887
28.0 -0.01060
28.03 0.00352
28.049999999999997 0.00327
28.07 0.00205
28.1 -0.01522
28.119999999999997 0.02075
28.139999999999997 -0.01169
28.16 -0.00603
28.19 0.00403
28.209999999999997 0.00292
28.23 -0.00677
28.25 -0.00102
28.28 0.01043
28.299999999999997 0.00110
28.32 -0.00936
28.34 0.00183
28.37 -0.00465
28.389999999999997 0.00377
28.41 0.00635
28.44 -0.00992
28.46 0.00534
28.479999999999997 -0.00125
28.5 -0.00232
28.53 0.00081
28.55 -0.00597
28.57 0.00404
28.59 0.00887
28.62 -0.00587
28.64 -0.00235
28.66 -0.00329
28.68 0.00123
28.71 -0.00048
28.729999999999997 0.00767
28.75 -0.00860
28.78 0.01015
28.8 -0.01637
28.819999999999997 0.01115
28.84 -0.00384
28.87 0.00373
28.89 -0.00133
28.91 -0.00018
28.93 -0.00994
28.96 0.01326
28.98 -0.00958
29.0 0.00950
29.02 -0.00585
29.05 0.00457
29.07 -0.01267
29.09 0.01904
29.12 -0.01951
29.14 0.00970
29.16 0.01174
29.18 -0.00630
29.21 -0.00456
29.23 0.00667
29.25 -0.00778
29.27 0.00270
29.3 -0.00091
29.32 0.00185
29.34 -0.00216
29.37 -0.00246
29.39 0.00584
29.41 -0.00759
29.43 0.00090
29.46 0.00014
29.48 0.00273
29.5 -0.00375
29.52 0.00183
29.55 -0.00554
29.57 0.01201
29.590000000000003 -0.00957
29.61 -0.00181
29.64 0.00317
29.66 -0.00443
29.680000000000003 0.00617
29.71 0.00521
29.73 -0.01530
29.75 0.00942
29.77 -0.00737
29.8 0.00224
29.82 -0.00232
29.84 0.01211
29.86 -0.00965
29.89 -0.00035
29.91 0.00023
29.93 -0.00024
29.95 0.00276
29.98 0.00155
30.0 0.00218
30.020000000000003 -0.01169
30.05 0.01484
30.07 -0.00784
30.09 -0.00719
30.110000000000003 0.01165
30.14 -0.00299
30.16 -0.00639
30.18 0.00572
30.200000000000003 0.00149
30.23 -0.00754
30.25 0.00321
30.27 0.00168
30.290000000000003 0.00346
30.32 -0.00364
30.34 -0.00417
30.360000000000003 0.00816
30.39 -0.00689
30.41 0.00752
30.43 0.00252
30.450000000000003 -0.00914
30.48 0.01192
30.5 -0.00907
30.52 0.00161
30.540000000000003 -0.00226
30.57 -0.00812
30.59 0.01086
30.61 -0.00509
30.630000000000003 -0.00164
30.66 0.01170
30.68 -0.00730
30.700000000000003 -0.00655
30.73 0.00735
30.75 -0.00728
30.77 0.00085
30.790000000000003 -0.00083
30.82 0.00182
30.84 0.01103
30.86 -0.00846
30.880000000000003 -0.00044
30.91 -0.00689
30.93 0.00230
30.95 0.00246
30.98 -0.00085
31.0 0.00133
31.02 0.00678
31.040000000000003 -0.01514
31.07 0.00702
31.09 0.00401
31.11 -0.00461
31.130000000000003 0.00483
31.16 -0.00416
31.18 0.00319
31.2 -0.00746
31.220000000000002 0.00195
31.25 -0.00024
31.27 0.00063
31.29 0.00655
31.32 -0.00283
31.34 -0.00200
31.36 -0.00289
31.38 0.00311
31.41 -0.00337
31.43 -0.00232
31.45 0.00748
31.47 -0.00420
31.5 -0.00263
31.52 0.00236
31.54 -0.00326
31.56 0.00040
31.59 -0.00063
31.61 0.00718
31.63 -0.01051
31.66 0.01042
31.68 -0.01234
31.7 0.01283
31.72 -0.00049
31.75 0.00242
31.77 -0.00673
31.79 0.00774
31.81 -0.01100
31.84 -0.00127
31.86 0.01250
31.88 -0.00860
31.9 0.00069
31.93 0.00031
31.95 0.00651
31.97 -0.00671
32.0 0.00053
32.02 -0.00484
32.04 -0.00074
32.059999999999995 0.00464
32.09 0.00446
32.11 -0.00936
32.129999999999995 0.01043
32.15 -0.00993
32.18 0.00784
32.2 -0.00366
32.22 0.00747
32.239999999999995 -0.00758
32.27 -0.00565
32.29 0.00045
32.309999999999995 -0.00303
32.34 0.01143
32.36 -0.00661
32.38 0.00886
32.4 -0.00824
32.43 0.00323
32.45 -0.00624
32.47 0.00313
32.489999999999995 0.00398
32.52 -0.00983
32.54 0.00475
32.559999999999995 0.00389
32.59 0.00239
32.61 -0.00186
32.63 -0.00526
32.65 -0.00149
32.68 0.00312
32.7 -0.00235
32.72 0.00423
32.739999999999995 -0.00358
32.77 -0.00579
32.79 0.01049
32.81 -0.00363
32.83 0.00121
32.86 -0.00599
32.88 0.00453
32.9 -0.00500
32.93 0.00600
32.95 -0.00225
32.97 -0.00100
32.99 -0.00128
33.02 0.00471
33.04 -0.00053
33.06 -0.00536
33.08 -0.00047
33.11 0.00474
33.13 -0.00009
33.15 0.00709
33.169999999999995 -0.01437
33.2 0.01591
33.22 -0.01294
33.24 0.00870
33.27 -0.00508
33.29 0.00559
33.31 -0.00946
33.33 0.00303
33.36 -0.00043
33.38 0.00103
33.4 0.00075
33.42 -0.00223
33.45 -0.00387
33.47 0.00306
33.49 -0.00090
33.51 0.00621
33.54 0.00695
33.56 -0.01190
33.58 -0.00826
33.61 0.01338
33.63 -0.00640
33.65 0.00351
33.67 -0.00448
33.7 0.00174
33.72 0.00227
33.74 -0.00086
33.76 0.00060
33.79 0.00133
33.81 -0.00692
33.83 0.00400
33.85 -0.00445
33.88 0.00443
33.9 -0.00352
33.92 0.00437
33.95 -0.00432
33.97 0.00661
33.99 -0.00508
34.01 -0.00116
34.04 0.00098
34.06 0.00401
34.08 -0.00041
34.1 -0.00620
34.13 0.00263
34.15 -0.00128
34.17 -0.00404
34.2 0.01092
34.22 -0.00385
34.24 -0.00584
34.26 0.00478
34.29 -0.00140
34.31 -0.00505
34.33 0.00212
34.35 0.00470
34.38 -0.00516
34.4 0.00167
34.42 0.00454
34.44 -0.00642
34.47 0.00160
34.49 0.00326
34.51 -0.00654
34.54 0.01094
34.56 -0.00857
34.58 -0.00043
34.6 0.00270
34.63 -0.00623
34.65 0.00503
34.67 -0.00334
34.69 0.00324
34.72 0.00451
34.74 0.00227
34.76 0.00132
34.78 -0.00488
34.81 -0.00622
34.83 0.00483
34.85 -0.00571
34.88 0.00523
34.9 -0.00491
34.92 0.00135
34.94 0.00653
34.97 -0.01210
34.99 0.00845
35.01 0.00535
35.03 -0.00608
35.06 -0.00458
35.08 0.00344
35.1 0.00654
35.12 -0.01271
35.15 0.00652
35.17 -0.00014
35.19 0.00149
35.22 -0.00544
35.24 0.00043
35.26 0.00550
35.28 -0.00192
35.31 -0.00158
35.33 0.00024
35.35 -0.00077
35.37 0.00169
35.4 0.00220
35.42 -0.00724
35.44 0.00986
35.46 -0.01323
35.49 0.00613
35.51 0.00205
35.53 0.00270
35.56 -0.00932
35.58 0.01135
35.6 -0.00772
35.62 -0.00389
35.65 0.01065
35.67 -0.00763
35.69 0.00151
35.71 0.00203
35.74 -0.00252
35.76 -0.00271
35.78 0.00021
35.8 0.00585
35.83 -0.00135
35.85 0.00291
35.87 -0.00448
35.9 -0.00259
35.92 0.00003
35.94 -0.00055
35.96 0.00085
35.99 0.00096
36.01 0.00476
36.03 -0.00520
36.05 0.00215
36.08 -0.00088
36.1 -0.00386
36.12 0.00364
36.15 -0.00345
36.17 0.00692
36.19 0.00294
36.21 -0.01603
36.24 0.01387
36.26 -0.00573
36.28 -0.00307
36.3 0.00268
36.33 0.00205
36.35 -0.00214
36.37 0.00809
36.39 -0.00802
36.42 0.00408
36.44 -0.00354
36.46 0.00446
36.49 -0.00839
36.51 0.01512
36.53 -0.01183
36.55 0.00134
36.58 -0.00488
36.6 0.00474
36.62 0.00630
36.64 -0.01049
36.67 0.00666
36.69 -0.00365
36.71 -0.00255
36.73 0.00148
36.76 0.00776
36.78 -0.00951
36.8 -0.00094
36.83 0.00791
36.85 -0.00475
36.87 -0.00355
36.89 0.00630
36.92 -0.00055
36.94 -0.00238
36.96 0.00311
36.98 -0.00283
37.01 -0.00167
37.03 -0.00109
37.05 0.00245
37.07 -0.00344
37.1 0.00367
37.12 -0.00048
37.14 -0.00176
37.17 0.00674
37.19 -0.00142
37.21 -0.00848
37.23 0.00546
37.26 -0.00224
37.28 0.00536
37.3 -0.00592
37.32 0.00097
37.35 -0.00310
37.37 0.00751
37.39 -0.00410
37.41 -0.00355
37.44 0.00160
37.46 0.00048
37.48 -0.00253
37.510000000000005 0.00949
37.53 -0.00314
37.55 -0.00464
37.57 0.00166
37.6 0.00075
37.62 -0.00059
37.64 0.00096
37.66 -0.00408
37.69 0.00157
37.71 -0.00265
37.73 0.00504
37.760000000000005 -0.00163
37.78 -0.00265
37.8 0.00174
37.82 0.00149
37.85 -0.00099
37.87 0.00012
37.89 -0.00043
37.91 0.00145
37.940000000000005 0.00330
37.96 -0.00773
37.98 -0.00043
38.0 0.00328
38.03 0.00221
38.05 -0.00591
38.07 0.00401
38.1 -0.00107
38.120000000000005 -0.00111
38.14 -0.00125
38.16 0.00900
38.190000000000005 -0.00309
38.21 -0.00412
38.23 0.00413
38.25 -0.00525
38.28 0.00418
38.3 0.00553
38.32 -0.00840
38.339999999999996 -0.00127
38.370000000000005 0.00379
38.39 0.00029
38.41 -0.00226
38.440000000000005 0.00106
38.46 0.00009
38.48 -0.00505
38.5 0.00129
38.53 0.00230
38.550000000000004 0.00421
38.57 -0.00251
38.589999999999996 -0.00573
38.620000000000005 0.00388
38.64 0.00001
38.66 -0.00146
38.68 0.00004
38.71 0.00444
38.730000000000004 -0.00553
38.75 0.00565
38.78 -0.00385
38.800000000000004 -0.00120
38.82 0.00456
38.839999999999996 -0.00451
38.870000000000005 -0.00310
38.89 0.00051
38.91 0.00489
38.93 0.00078
38.96 -0.00462
38.980000000000004 -0.00146
39.0 0.00722
39.019999999999996 -0.00253
39.050000000000004 -0.00242
39.07 0.00315
39.089999999999996 -0.00493
39.120000000000005 0.00544
39.14 -0.00444
39.160000000000004 0.00173
39.18 -0.00195
39.21 0.00017
39.230000000000004 0.00274
39.25 -0.00116
39.269999999999996 -0.00299
39.300000000000004 0.00484
39.32 -0.00497
39.34 0.00469
39.370000000000005 -0.00514
39.39 0.00591
39.410000000000004 -0.00552
39.43 0.00112
39.46 -0.00240
39.480000000000004 0.00765
39.5 -0.00296
39.519999999999996 -0.00236
39.550000000000004 -0.00081
39.57 -0.00066
39.59 0.00424
39.61 0.00134
39.64 -0.00188
39.660000000000004 -0.00218
39.68 -0.00100
39.71 -0.00143
39.730000000000004 0.00550
39.75 -0.00287
39.77 0.00278
39.800000000000004 -0.00771
39.82 0.00742
39.84 -0.00274
39.86 -0.00075
39.89 0.00036
39.910000000000004 0.00041
39.93 0.00098
39.95 -0.00455
39.980000000000004 0.00647
40.0 -0.00274
40.02 -0.00229
40.050000000000004 0.00068
40.07 0.00315
40.09 -0.00025
40.11 -0.00060
40.14 -0.00313
40.160000000000004 0.00595
40.18 -0.00079
40.2 -0.00372
40.230000000000004 -0.00119
40.25 0.00729
40.27 -0.00569
40.29 0.00152
40.32 -0.00085
40.34 -0.00045
40.36 -0.00036
40.39 0.00081
40.410000000000004 0.00169
40.43 -0.00144
40.45 -0.00676
40.480000000000004 0.00847
40.5 -0.00288
40.52 -0.00132
40.54 0.00335
40.57 0.00033
40.59 0.00066
40.61 -0.00579
40.63 0.00247
40.660000000000004 -0.00175
40.68 0.00317
40.7 -0.00309
40.730000000000004 0.00419
40.75 -0.00190
40.77 -0.00013
40.79 0.00244
40.82 -0.00505
40.84 -0.00003
40.86 0.00192
40.88 -0.00209
40.910000000000004 0.00128
40.93 0.00206
40.95 -0.00235
40.980000000000004 0.00178
41.0 0.00053
41.02 -0.00369
41.04 0.00396
41.07 -0.00079
41.09 -0.00397
41.11 0.00311
41.13 -0.00122
41.160000000000004 -0.00338
41.18 0.00580
41.2 -0.00158
41.22 0.00075
41.25 0.00096
41.27 -0.00433
41.29 0.00190
41.32 0.00150
41.34 -0.00232
41.36 0.00047
41.38 -0.00114
41.410000000000004 -0.00065
41.43 0.00568
41.45 -0.00301
41.47 -0.00208
41.5 0.00083
41.52 -0.00102
41.54 0.00173
41.56 0.00191
41.59 -0.00098
41.61 -0.00237
41.63 0.00049
41.660000000000004 0.00261
41.68 -0.00103
41.7 -0.00203
41.72 -0.00191
41.75 0.00068
41.77 0.00544
41.79 -0.00463
41.81 0.00118
41.84 -0.00129
41.86 0.00110
41.88 -0.00093
41.9 0.00100
41.93 0.00067
41.95 -0.00233
41.97 -0.00166
42.0 0.00536
42.02 -0.00451
42.04 0.00075
42.06 0.00343
42.09 -0.00104
42.11 0.00052
42.13 -0.00465
42.15 0.00131
42.18 -0.00207
42.2 0.00750
42.22 -0.00400
42.24 0.00414
42.27 -0.00478
42.29 0.00476
42.31 -0.00202
42.34 0.00021
42.36 -0.00361
42.38 0.00144
42.4 -0.00200
42.43 0.00074
42.45 0.00278
42.47 -0.00299
42.49 0.00579
42.52 -0.00820
42.54 0.00579
42.56 -0.00085
42.59 -0.00059
42.61 -0.00023
42.63 -0.00276
42.65 0.00407
42.68 -0.00266
42.7 0.00160
42.72 -0.00007
42.74 -0.00259
42.77 0.00108
42.79 0.00199
42.81 0.00031
42.83 -0.00199
42.86 -0.00304
42.88 0.00547
42.9 -0.00430
42.93 0.00140
42.95 0.00089
42.97 -0.00178
42.99 0.00080
43.02 0.00140
43.04 0.00004
43.06 -0.00169
43.08 -0.00190
43.11 0.00390
43.13 -0.00416
43.15 0.00174
43.17 0.00299
43.2 -0.00236
43.22 -0.00064
43.24 0.00469
43.27 -0.00649
43.29 0.00139
43.31 0.00062
43.33 0.00427
43.36 -0.00613
43.38 0.00111
43.4 -0.00147
43.42 0.00327
43.45 -0.00182
43.47 0.00086
43.49 0.00113
43.51 -0.00336
43.54 0.00093
43.56 -0.00169
43.58 0.00035
43.61 0.00004
43.63 0.00675
43.65 -0.00347
43.67 -0.00000
43.7 0.00244
43.72 -0.00595
43.74 -0.00221
43.76 0.00594
43.79 -0.00166
43.81 0.00165
43.83 -0.00537
43.85 0.00399
43.88 -0.00073
43.9 0.00382
43.92 -0.00794
43.95 0.00632
43.97 -0.00281
43.99 0.00286
44.01 -0.00211
44.040000000000006 -0.00125
44.06 0.00156
44.08 -0.00335
44.1 0.00213
44.13 0.00130
44.15 -0.00073
44.17 0.00271
44.2 -0.00389
44.22 0.00141
44.24 0.00119
44.26 -0.00369
44.290000000000006 0.00063
44.31 0.00171
44.33 0.00095
44.35 -0.00319
44.38 0.00297
44.4 0.00201
44.42 -0.00338
44.44 -0.00037
44.470000000000006 0.00127
44.49 -0.00030
44.51 -0.00239
44.540000000000006 0.00143
44.56 0.00363
44.58 -0.00433
44.6 0.00217
44.63 0.00102
44.650000000000006 0.00079
44.67 -0.00472
44.69 0.00267
44.720000000000006 -0.00073
44.74 -0.00049
44.76 0.00072
44.78 0.00056
44.81 0.00204
44.83 -0.00145
44.85 -0.00323
44.88 0.00219
44.900000000000006 0.00078
44.92 -0.00445
44.94 0.00430
44.970000000000006 -0.00262
44.99 0.00286
45.01 0.00004
45.03 0.00012
45.06 -0.00346
45.080000000000005 0.00310
45.1 -0.00296
45.12 0.00091
45.150000000000006 0.00218
45.17 0.00153
45.19 -0.00335
45.220000000000006 -0.00299
45.24 0.00021
45.260000000000005 0.00359
45.28 -0.00007
45.31 0.00047
45.330000000000005 -0.00155
